00001111111000000000000000000000
00001001001000000000000000000000
00001001001000000000000000000000
00001001001000000000000000000000
00000110110000011111000111110000
00000000000000100000101000001000
00000111110000100000101000001000
00001001001000100000101001001000
00001001001000011111000111010000
00001001001000000000000000000000
00001000001000001111101111110000
00000000000000010000000001001000
00000100110000100000000001001000
00001001001000010000000001001000
00001001001000001111101111110000
00001001001000000000000000000000
00000110010000011111001111111000
00000000000000100100100000010000
00000000001000100100100000100000
00000000001000100100100000010000
00001111111000100000101111111000
00000000001000000000000000000000
00000000001000111111100111110000
00000000000000000100101001001000
00000010100000000100101001001000
00000000000000000100101001001000
00000000000000111011001000001000
00001110010000000000000000000000
00001001001000000000000000000000
00001001001000000000000000000000
00001001001000000000000000000000
00001000110000000000000000000000
00000000000000000000000000000000