00000000000000000000000000000000
00000000000000000000000000000000
00000000000000000000000000000000
00000000000000000000000000000000
00000000000000000000000000000000
00000000000000000000000000000000
00000000001111110000011100000000
00000000010000000000100000000000
00000000011110000111100000000000
00000000010000000000100000000000
00000000001111110000011100000000
00000000000000000000000000000000
00000000010000010011111000000000
00000000010000010100000100000000
00000000011111110100000100000000
00000000010000010100000100000000
00000000010000010011111000000000
00000000000000000000000000000000
00000000011111110011111100000000
00000000000001000100000000000000
00000000000010000100000000000000
00000000000100000100000000000000
00000000011111110011111100000000
00000000000000000000000000000000
00000000000000000000000000000000
00000000010111110000000000000000
00000000000000000000000000000000
00000000000000000000000000000000
00000000000000000000000000000000
00000000000000000000000000000000
00000000000000000000000000000000
00000000000000000000000000000000